{
 'outer_polygon': {'points': [{'x': -20.060492653748952,
                               'y': 0.7815919620916247,
                               'z': 0},
                              {'x': 60.657035631709732,
                               'y': -7.532333048060536,
                               'z': 0},
                              {'x': 60.660581521107815,
                               'y': 76.88992260675877,
                               'z': 0},
                              {'x': -20.385779696400277,
                               'y': 75.87596913613379,
                               'z': 0}]}}