gt1_lat: 40.4418842
gt1_long: -79.9441962
gt1_alt: 279

gt2_lat: 40.4418094
gt2_long: -79.9444018
gt2_alt: 279

gt3_lat: 40.441928
gt3_long: -79.9446074
gt3_alt: 279

gt4_lat: 40.4419658
gt4_long: -79.944897
gt4_alt: 279

gt5_lat: 40.4420853
gt5_long: -79.9451274
gt5_alt: 279
