gt1_lat: 40.4419103
gt1_long: -79.9441928
gt1_alt: 279

gt2_lat: 40.441784
gt2_long: -79.944385
gt2_alt: 279

gt3_lat: 40.4419498
gt3_long: -79.9443915
gt3_alt: 279

gt4_lat: 40.441893
gt4_long: -79.9446683
gt4_alt: 279

gt5_lat: 40.4420147
gt5_long: -79.9448107
gt5_alt: 279
