gt1_lat: 40.4418642
gt1_long: -79.9441406
gt1_alt: 279

gt2_lat: 40.4419326
gt2_long: -79.9443963
gt2_alt: 279

gt3_lat: 40.4418224
gt3_long: -79.9444352
gt3_alt: 279

gt4_lat: 40.4419022
gt4_long: -79.9447269
gt4_alt: 279

gt5_lat: 40.4419798
gt5_long: -79.9446030
gt5_alt: 279
