gt1_lat: 40.4418313
gt1_long: -79.9442221
gt1_alt: 279

gt2_lat: 40.4417912
gt2_long: -79.9443878
gt2_alt: 279

gt3_lat: 40.4420007
gt3_long: -79.9444626
gt3_alt: 279

gt4_lat: 40.4418554
gt4_long: -79.9446646
gt4_alt: 279

gt5_lat: 40.4420888
gt5_long: -79.944954
gt5_alt: 279
