gt1_lat: 40.4419312
gt1_long: -79.944306
gt1_alt: 279

gt2_lat: 40.4419289
gt2_long: -79.9445163
gt2_alt: 279

gt3_lat: 40.4420482
gt3_long: -79.944907
gt3_alt: 279

gt4_lat: 40.4418839
gt4_long: -79.9447159
gt4_alt: 279

gt5_lat: 40.4417409
gt5_long: -79.9442946
gt5_alt: 279
