gt1_lat: 40.4417478
gt1_long: -79.9442363
gt1_alt: 279

gt2_lat: 40.4418963
gt2_long: -79.9442451
gt2_alt: 279

gt3_lat: 40.4418175
gt3_long: -79.9444629
gt3_alt: 279

gt4_lat: 40.4419867
gt4_long: -79.9446479
gt4_alt: 279

gt5_lat: 40.4419654
gt5_long: -79.9448597
gt5_alt: 279
