gt1_lat: 0.0003317448153091762
gt1_long: 12.053241997035023
gt1_alt: 1

gt2_lat: 0.0003317448153091762
gt2_long: 12.053241997035023
gt2_alt: 2

gt3_lat: 0.0003317448153091762
gt3_long: 12.053241997035023
gt3_alt: 3

gt4_lat: 0.0003317448153091762
gt4_long: 12.053241997035023
gt4_alt: 4

gt5_lat: 0.0003317448153091762
gt5_long: 12.053241997035023
gt5_alt: 5
