gt1_lat: 40.4795695
gt1_long: -79.8944868
gt1_alt: 279

gt2_lat: 40.4794031
gt2_long: -79.8944098
gt2_alt: 279

gt3_lat: 40.4794983
gt3_long: -79.8941605
gt3_alt: 279

gt4_lat: 40.4796134
gt4_long: -79.8942388
gt4_alt: 279

gt5_lat: 40.4797645
gt5_long: -79.8942865
gt5_alt: 279
