cam0:
  T_cam_imu:
  - [-0.051690942712968785, -0.9986537376598531, 0.004331131428206514, -0.0022507565020207176]
  - [-0.45061750397730027, 0.01945347599802741, -0.892505141375029, -0.05219416032898543]
  - [0.8912193397535261, -0.04808611576742283, -0.4510164231152672, -0.1954384733353994]
  - [0.0, 0.0, 0.0, 1.0]
  camera_model: pinhole
  distortion_coeffs: [-0.3565, 0.1078, 0.0, 0.0]
  distortion_model: radtan
  intrinsics: [411.3366, 412.6712, 320.4049, 251.967]
  resolution: [640, 480]
  rostopic: /thermal/image
  timeshift_cam_imu: -0.03786871572326868
